[?, 1080, True, 1] #game info: width, height, fullscreen, gamestate
[placeholder, False]#player info: name, cleared first sector
[0, 0, 0, 0]#inventory: metal, gas, circuits, currency, torpedoes(collected from debris)
[1, 1, 1, 0]#level info: armor lv, fuel tank lv, torpedo lv
[19, 1437, 0]#ship info: armor points, fuel points, torpedoes(able to use)
[0.325, 0.276, 3.1, 0.3, 1, NA, NA, 1, 0.5, 0.5, 0, 0, 0, NA, NA, 1, 0.5, 0.29, 0, 0, 100, NA, NA, 1, 0.63, 0.74, 0, 0, 100, NA, NA, 1, 0.29, 0.11, 0, 0, 100, NA, NA, 1, 0.56, 0.19, 0, 0, 100, NA, NA, 1, 0.68, 0.04, 0, 0, 100, NA, NA, 1, 0.88, 0.28, 0, 0, 100, NA, NA, 1, 0.32, 0.43, 0, 0, 100, NA, NA, 1, 0.56, 0.58, 0, 0, 100, NA, NA, 1, 0.09, 0.66, 0, 0, 100, NA, NA, 1, 0.51, 0.23, 0, 0, 100, NA, NA, 1, 0.44, 0.48, 0, 0, 100, NA, NA, 1, 1.0, 0.36, 0, 0, 100, NA, NA, 1, 0.59, 0.91, 0, 0, 100, NA, NA, 1, 0.35, 0.98, 0, 0, 100, NA, NA, 1, 0.41, 0.14, 0, 0, 100, NA, NA, 1, 0.95, 0.51, 0, 0, 100, NA, NA, 1, 0.15, 0.62, 0, 0, 100, NA, NA, 1, 0.51, 0.09, 0, 0, 100, NA, NA, 1, 0.39, 0.33, 0, 0, 100, NA, NA, 1, 0.73, 0.92, 0, 0, 100, NA, NA, 1]
[]
[]
[]
[]
[-1]
[]
[]
[]
[]
[-1]
[]
[]
[]
[]
[-1]
[]
[]
[]
[]
[-1]
[]
[]
[]
[]
[-1]
[]
[]
[]
[]
[-1]
[]
[]
[]
[]
[-1]
[]
[]
[]
[]
[-1]
[]
[]
[]
[]
[-1]
[]
[]
[]
[]
[-1]
[]
[]
[]
[]
[-1]
[]
[]
[]
[]
[-1]
[]
[]
[]
[]
[-1]
[]
[]
[]
[]
[-1]
[]
[]
[]
[]
[-1]
[]
[]
[]
[]
[-1]
[]
[]
[]
[]
[-1]
[]
[]
[]
[]
[-1]
[]
[]
[]
[]