[1920, 1080, True, 0, False]#game info: width, height, fullscreen, gamestate, cheats
[player, 1888888888888888888, 1888888888888888888]#player info: name, sector clearing, sector visitation
[0, 30, 0, 0]#inventory: metal, gas, circuits, credits
[1, 1, 1, 0]#level info: armor lv, fuel tank lv, torpedo lv
[10, 1500, 3]#ship info: armor points, fuel points, torpedoes(able to use)
[0.524, 0.055, -1.0, 3.9, 1, -28.2, 0, 1, 0.5, 0.5, 0, 0, 0, NA, NA, 1, 0.487, 0.639, 0, 0, 100, NA, NA, 1, 0.32, 0.1, 0, 0, 100, NA, NA, 1, 0.241, 0.874, 0, 0, 101, NA, NA, 1, 0.632, 0.558, 0, 0, 100, NA, NA, 1, 0.255, 0.171, 0, 0, 102, NA, NA, 1, 0.772, 0.667, 0, 0, 100, NA, NA, 1, 0.878, 0.775, 0, 0, 100, NA, NA, 1, 0.386, 0.456, 0, 0, 102, NA, NA, 1, 0.868, 0.474, 0, 0, 100, NA, NA, 1, 0.054, 0.563, 0, 0, 102, NA, NA, 1, 0.151, 0.478, 0, 0, 100, NA, NA, 1, 0.526, 0.978, 0, 0, 101, NA, NA, 1, 0.715, 0.616, 0, 0, 102, NA, NA, 1, 0.263, 0.869, 0, 0, 102, NA, NA, 1, 0.857, 0.758, 0, 0, 101, NA, NA, 1, 0.562, 0.337, 0, 0, 101, NA, NA, 1, 0.346, 0.315, 0, 0, 102, NA, NA, 1, 0.622, 0.13, 0, 0, 101, NA, NA, 1, 0.015, 0.089, 0, 0, 100, NA, NA, 1, 0.122, 0.416, 0, 0, 102, NA, NA, 1, 0.83, 0.186, 0, 0, 100, NA, NA, 1, 0.259, 0.915, 0, 0, 102, NA, NA, 1, 0.218, 0.188, 0, 0, 101, NA, NA, 1]
[0.57, 0.085, 0, 0, 100, NA, NA, 1]
[]
[]
[]
[-1]
[]
[]
[]
[]
[-1]
[]
[]
[]
[]
[-1]
[]
[]
[]
[]
[-1]
[]
[]
[]
[]
[-1]
[]
[]
[]
[]
[-1]
[]
[]
[]
[]
[-1]
[]
[]
[]
[]
[-1]
[]
[]
[]
[]
[-1]
[]
[]
[]
[]
[0.319, 0.632, 0, 0, 1, 165.0, 0, 1, 0.598, 0.156, 0, 0, 100, NA, NA, 1, 0.059, 0.634, 0, 0, 100, NA, NA, 1, 0.489, 0.731, 0, 0, 102, NA, NA, 1, 0.234, 0.822, 0, 0, 102, NA, NA, 1, 0.968, 0.204, 0, 0, 102, NA, NA, 1, 0.546, 0.827, 0, 0, 102, NA, NA, 1, 0.376, 0.0, 0, 0, 100, NA, NA, 1, 0.694, 0.907, 0, 0, 102, NA, NA, 1, 0.382, 0.386, 0, 0, 101, NA, NA, 1, 0.707, 0.183, 0, 0, 100, NA, NA, 1, 0.539, 0.957, 0, 0, 100, NA, NA, 1, 0.292, 0.175, 0, 0, 102, NA, NA, 1, 0.06, 0.784, 0, 0, 102, NA, NA, 1, 0.967, 0.201, 0, 0, 100, NA, NA, 1, 0.599, 0.344, 0, 0, 101, NA, NA, 1, 0.306, 0.594, 0, 0, 100, NA, NA, 1, 0.995, 0.83, 0, 0, 100, NA, NA, 1, 0.669, 0.084, 0, 0, 102, NA, NA, 1, 0.342, 0.552, 0, 0, 101, NA, NA, 1, 0.793, 0.725, 0, 0, 100, NA, NA, 1, 0.049, 0.179, 0, 0, 100, NA, NA, 1, 0.364, 0.453, 0, 0, 101, NA, NA, 1, 0.688, 0.835, 0, 0, 100, NA, NA, 1]
[0.683, 0.732, 0, 0, 100, NA, NA, 1, 0.852, 0.589, 2.2, 1.9, 30, 336.7, 3, 1, 0.501, 0.068, 2.4, -2.6, 30, -53.6, -8, 1, 0.771, 0.622, 2.1, 2.0, 81, -163.6, -1, 1, 0.064, 0.341, 2.7, 1.4, 30, -138.4, -6, 1, 0.777, 0.504, -1.7, 2.3, 7, 355.3, 4, 1, 0.081, 0.236, 2.3, -1.6, 7, 186.9, 5, 1, 0.323, 0.934, 2.1, 1.7, 10, 302.1, 2, 1, 0.25, 0.75, 0, 0, 110, NA, NA, 1, 0.355, 0.66, -2.1, -2.1, 4, NA, NA, 14, 0.364, 0.672, -1.6, -2.5, 4, NA, NA, 14, 0.367, 0.683, -1.4, -2.9, 4, NA, NA, 14, 0.361, 0.668, -1.8, -2.4, 4, NA, NA, 14, 0.358, 0.672, -2.0, -2.5, 4, NA, NA, 14]
[]
[]
[]
[-1]
[]
[]
[]
[]
[-1]
[]
[]
[]
[]
[-1]
[]
[]
[]
[]
[-1]
[]
[]
[]
[]
[-1]
[]
[]
[]
[]
[-1]
[]
[]
[]
[]
[-1]
[]
[]
[]
[]
[-1]
[]
[]
[]
[]
