[1920, 1080, True, 2, True]#game info: width, height, fullscreen, gamestate, cheats
[player, 8888888888888888888, 8888888888888888888]#player info: name, sector clearing, sector visitation
[0, 30, 0, 0]#inventory: metal, gas, circuits, credits
[1, 1, 1, 0]#level info: armor lv, fuel tank lv, torpedo lv
[10, 904, 3]#ship info: armor points, fuel points, torpedoes(able to use)
[0.556, 0.69, 0, 0, 1, 180.0, 0, 1, 0.5, 0.5, 0, 0, 0, NA, NA, 1, 0.487, 0.639, 0, 0, 100, NA, NA, 1, 0.32, 0.1, 0, 0, 100, NA, NA, 1, 0.241, 0.874, 0, 0, 101, NA, NA, 1, 0.632, 0.558, 0, 0, 100, NA, NA, 1, 0.255, 0.171, 0, 0, 102, NA, NA, 1, 0.772, 0.667, 0, 0, 100, NA, NA, 1, 0.878, 0.775, 0, 0, 100, NA, NA, 1, 0.386, 0.456, 0, 0, 102, NA, NA, 1, 0.868, 0.474, 0, 0, 100, NA, NA, 1, 0.054, 0.563, 0, 0, 102, NA, NA, 1, 0.151, 0.478, 0, 0, 100, NA, NA, 1, 0.526, 0.978, 0, 0, 101, NA, NA, 1, 0.715, 0.616, 0, 0, 102, NA, NA, 1, 0.263, 0.869, 0, 0, 102, NA, NA, 1, 0.857, 0.758, 0, 0, 101, NA, NA, 1, 0.562, 0.337, 0, 0, 101, NA, NA, 1, 0.346, 0.315, 0, 0, 102, NA, NA, 1, 0.622, 0.13, 0, 0, 101, NA, NA, 1, 0.015, 0.089, 0, 0, 100, NA, NA, 1, 0.122, 0.416, 0, 0, 102, NA, NA, 1, 0.83, 0.186, 0, 0, 100, NA, NA, 1, 0.259, 0.915, 0, 0, 102, NA, NA, 1, 0.218, 0.188, 0, 0, 101, NA, NA, 1]
[0.57, 0.085, 0, 0, 100, NA, NA, 1]
[]
[]
[]
[-1]
[]
[]
[]
[]
[-1]
[]
[]
[]
[]
[-1]
[]
[]
[]
[]
[0.482, 0.054, -1.2, 3.5, 1, 40.8, 0, 1, 0.448, 0.588, 0, 0, 102, NA, NA, 1, 0.56, 0.173, 0, 0, 100, NA, NA, 1, 0.438, 0.323, 0, 0, 100, NA, NA, 1, 0.778, 0.056, 0, 0, 104, NA, NA, 1, 0.67, 0.584, 0, 0, 100, NA, NA, 1, 0.843, 0.0, 0, 0, 101, NA, NA, 1, 0.803, 0.092, 0, 0, 100, NA, NA, 1, 0.402, 0.087, 0, 0, 103, NA, NA, 1, 0.754, 0.781, 0, 0, 105, NA, NA, 1, 0.6, 0.906, 0, 0, 101, NA, NA, 1, 0.48, 0.081, 0, 0, 100, NA, NA, 1, 0.014, 0.152, 0, 0, 105, NA, NA, 1, 0.869, 0.398, 0, 0, 101, NA, NA, 1, 0.854, 0.907, 0, 0, 102, NA, NA, 1, 0.443, 0.579, 0, 0, 100, NA, NA, 1, 0.563, 0.18, 0, 0, 101, NA, NA, 1, 0.003, 0.629, 0, 0, 100, NA, NA, 1, 0.111, 0.727, 0, 0, 105, NA, NA, 1, 1.0, 0.045, 0, 0, 100, NA, NA, 1, 0.27, 0.603, 0, 0, 102, NA, NA, 1, 0.253, 0.985, 0, 0, 100, NA, NA, 1, 0.088, 0.105, 0, 0, 100, NA, NA, 1, 0.246, 0.393, 0, 0, 102, NA, NA, 1, 0.496, 0.969, 0, 0, 100, NA, NA, 1]
[]
[]
[]
[]
[0.97, 0.485, 3.8, 0.6, 1, 107.5, 0, 1, 0.272, 0.047, 0, 0, 104, NA, NA, 1, 0.592, 0.071, 0, 0, 104, NA, NA, 1, 0.472, 0.833, 0, 0, 102, NA, NA, 1, 0.414, 0.937, 0, 0, 100, NA, NA, 1, 0.286, 0.156, 0, 0, 100, NA, NA, 1, 0.122, 0.491, 0, 0, 102, NA, NA, 1, 0.251, 0.858, 0, 0, 103, NA, NA, 1, 0.47, 0.851, 0, 0, 100, NA, NA, 1, 0.594, 0.918, 0, 0, 104, NA, NA, 1, 0.323, 0.726, 0, 0, 100, NA, NA, 1, 0.348, 0.448, 0, 0, 102, NA, NA, 1, 0.894, 0.026, 0, 0, 100, NA, NA, 1, 0.087, 0.331, 0, 0, 100, NA, NA, 1, 0.858, 0.445, 0, 0, 100, NA, NA, 1, 0.906, 0.886, 0, 0, 105, NA, NA, 1, 0.578, 0.036, 0, 0, 100, NA, NA, 1, 0.874, 1.0, 0, 0, 100, NA, NA, 1, 0.178, 0.997, 0, 0, 101, NA, NA, 1, 0.259, 0.071, 0, 0, 101, NA, NA, 1, 0.503, 0.567, 0, 0, 101, NA, NA, 1, 0.49, 0.464, 0, 0, 101, NA, NA, 1, 0.393, 0.935, 0, 0, 103, NA, NA, 1, 0.382, 0.86, 0, 0, 102, NA, NA, 1, 0.287, 0.604, 0, 0, 100, NA, NA, 1]
[]
[]
[]
[]
[0.316, 0.393, 3.2, 0.5, 1, 107.5, 0, 1, 0.833, 0.85, 0, 0, 102, NA, NA, 1, 0.079, 0.909, 0, 0, 101, NA, NA, 1, 0.761, 0.369, 0, 0, 101, NA, NA, 1, 0.828, 0.569, 0, 0, 100, NA, NA, 1, 0.228, 0.341, 0, 0, 101, NA, NA, 1, 0.882, 0.141, 0, 0, 103, NA, NA, 1, 0.602, 0.635, 0, 0, 102, NA, NA, 1, 0.761, 0.169, 0, 0, 105, NA, NA, 1, 0.26, 0.718, 0, 0, 100, NA, NA, 1, 0.915, 0.094, 0, 0, 105, NA, NA, 1, 0.235, 0.644, 0, 0, 101, NA, NA, 1, 0.328, 0.283, 0, 0, 101, NA, NA, 1, 0.619, 0.119, 0, 0, 100, NA, NA, 1, 0.079, 0.767, 0, 0, 103, NA, NA, 1, 0.148, 0.471, 0, 0, 101, NA, NA, 1, 0.193, 0.313, 0, 0, 100, NA, NA, 1, 0.945, 0.185, 0, 0, 104, NA, NA, 1, 0.755, 0.688, 0, 0, 100, NA, NA, 1, 0.216, 0.232, 0, 0, 102, NA, NA, 1, 0.431, 0.669, 0, 0, 104, NA, NA, 1, 0.508, 0.163, 0, 0, 101, NA, NA, 1, 0.936, 0.221, 0, 0, 101, NA, NA, 1, 0.597, 0.603, 0, 0, 105, NA, NA, 1, 0.235, 0.326, 0, 0, 103, NA, NA, 1]
[]
[]
[]
[]
[-1]
[]
[]
[]
[]
[-1]
[]
[]
[]
[]
[-1]
[]
[]
[]
[]
[0.319, 0.632, 0, 0, 1, 165.0, 0, 1, 0.598, 0.156, 0, 0, 100, NA, NA, 1, 0.059, 0.634, 0, 0, 100, NA, NA, 1, 0.489, 0.731, 0, 0, 102, NA, NA, 1, 0.234, 0.822, 0, 0, 102, NA, NA, 1, 0.968, 0.204, 0, 0, 102, NA, NA, 1, 0.546, 0.827, 0, 0, 102, NA, NA, 1, 0.376, 0.0, 0, 0, 100, NA, NA, 1, 0.694, 0.907, 0, 0, 102, NA, NA, 1, 0.382, 0.386, 0, 0, 101, NA, NA, 1, 0.707, 0.183, 0, 0, 100, NA, NA, 1, 0.539, 0.957, 0, 0, 100, NA, NA, 1, 0.292, 0.175, 0, 0, 102, NA, NA, 1, 0.06, 0.784, 0, 0, 102, NA, NA, 1, 0.967, 0.201, 0, 0, 100, NA, NA, 1, 0.599, 0.344, 0, 0, 101, NA, NA, 1, 0.306, 0.594, 0, 0, 100, NA, NA, 1, 0.995, 0.83, 0, 0, 100, NA, NA, 1, 0.669, 0.084, 0, 0, 102, NA, NA, 1, 0.342, 0.552, 0, 0, 101, NA, NA, 1, 0.793, 0.725, 0, 0, 100, NA, NA, 1, 0.049, 0.179, 0, 0, 100, NA, NA, 1, 0.364, 0.453, 0, 0, 101, NA, NA, 1, 0.688, 0.835, 0, 0, 100, NA, NA, 1]
[0.683, 0.732, 0, 0, 100, NA, NA, 1, 0.852, 0.589, 2.2, 1.9, 30, 336.7, 3, 1, 0.501, 0.068, 2.4, -2.6, 30, -53.6, -8, 1, 0.771, 0.622, 2.1, 2.0, 81, -163.6, -1, 1, 0.064, 0.341, 2.7, 1.4, 30, -138.4, -6, 1, 0.777, 0.504, -1.7, 2.3, 7, 355.3, 4, 1, 0.081, 0.236, 2.3, -1.6, 7, 186.9, 5, 1, 0.323, 0.934, 2.1, 1.7, 10, 302.1, 2, 1, 0.25, 0.75, 0, 0, 110, NA, NA, 1, 0.355, 0.66, -2.1, -2.1, 4, NA, NA, 14, 0.364, 0.672, -1.6, -2.5, 4, NA, NA, 14, 0.367, 0.683, -1.4, -2.9, 4, NA, NA, 14, 0.361, 0.668, -1.8, -2.4, 4, NA, NA, 14, 0.358, 0.672, -2.0, -2.5, 4, NA, NA, 14]
[]
[]
[]
[-1]
[]
[]
[]
[]
[-1]
[]
[]
[]
[]
[-1]
[]
[]
[]
[]
[-1]
[]
[]
[]
[]
[-1]
[]
[]
[]
[]
[-1]
[]
[]
[]
[]
[-1]
[]
[]
[]
[]
[-1]
[]
[]
[]
[]
