[1920, 1080, true, 1]
[]
[6, 10, 129, 39]
[10, 11]
[4]
[11.1, 466.6, -4.1, -4.0, 5, 3, 120, True, 500, 500, 0, 0, 0, NA, 1, False, 844.8, 208.8, 0, 0, 100, "NA", 1, False, 998.4, 306.0, 0, 0, 100, "NA", 1, False, 307.2, 90.0, 0, 0, 100, "NA", 1, False, 1017.6, 198.0, 0, 0, 100, "NA", 1, False, 864.0, 626.4, 0, 0, 100, "NA", 1, False, 960.0, 496.8, 0, 0, 100, "NA", 1, False, 1075.2, 230.4, 0, 0, 100, "NA", 1, False, 1248.0, 691.2, 0, 0, 100, "NA", 1, False, 409.6, 338.4, 0, 0, 100, "NA", 1, False, 441.6, 111.6, 0, 0, 100, "NA", 1, False, 460.8, 118.8, 0, 0, 100, "NA", 1, False, 422.4, 486.0, 0, 0, 100, "NA", 1, False, 102.4, 205.2, 0, 0, 100, "NA", 1, False, 121.6, 144.0, 0, 0, 100, "NA", 1, False, 940.8, 421.2, 0, 0, 100, "NA", 1, False, 998.4, 399.6, 0, 0, 100, "NA", 1, False, 582.4, 367.2, 0, 0, 100, "NA", 1, False, 115.2, 626.4, 0, 0, 100, "NA", 1, False, 102.4, 338.4, 0, 0, 100, "NA", 1, False, 268.8, 3.6, 0, 0, 100, "NA", 1, False]
[]
[]
[]
[]
[958.3, 21.9, -0.6, 4.1, 1, 3, 1, False, 428.8, 205.2, 0, 0, 100, NA, 1, False, 422.4, 302.4, 0, 0, 100, NA, 1, False, 57.6, 442.8, 0, 0, 100, NA, 1, False, 883.2, 604.8, 0, 0, 100, NA, 1, False, 25.6, 626.4, 0, 0, 100, NA, 1, False, 160.0, 133.2, 0, 0, 100, NA, 1, False, 102.4, 432.0, 0, 0, 100, NA, 1, False, 1209.6, 97.2, 0, 0, 100, NA, 1, False, 1190.4, 100.8, 0, 0, 100, NA, 1, False, 460.8, 399.6, 0, 0, 100, NA, 1, False, 403.2, 216.0, 0, 0, 100, NA, 1, False, 313.6, 291.6, 0, 0, 100, NA, 1, False, 940.8, 122.4, 0, 0, 100, NA, 1, False, 1152.0, 367.2, 0, 0, 100, NA, 1, False, 614.4, 604.8, 0, 0, 100, NA, 1, False, 313.6, 360.0, 0, 0, 100, NA, 1, False, 825.6, 702.0, 0, 0, 100, NA, 1, False, 6.4, 626.4, 0, 0, 100, NA, 1, False, 595.2, 367.2, 0, 0, 100, NA, 1, False, 806.4, 316.8, 0, 0, 100, NA, 1, False]
[]
[]
[]
[]
[1218.0, 655.2, 0, 0, 1, 3, 1, False, 140.8, 518.4, 0, 0, 100, NA, 1, False, 211.2, 291.6, 0, 0, 100, NA, 1, False, 787.2, 111.6, 0, 0, 100, NA, 1, False, 0.0, 0.0, 0, 0, 100, NA, 1, False, 902.4, 550.8, 0, 0, 100, NA, 1, False, 979.2, 327.6, 0, 0, 100, NA, 1, False, 1113.6, 129.6, 0, 0, 100, NA, 1, False, 787.2, 295.2, 0, 0, 100, NA, 1, False, 422.4, 86.4, 0, 0, 100, NA, 1, False, 0.0, 154.8, 0, 0, 100, NA, 1, False, 787.2, 100.8, 0, 0, 100, NA, 1, False, 576.0, 284.4, 0, 0, 100, NA, 1, False, 537.6, 154.8, 0, 0, 100, NA, 1, False, 140.8, 230.4, 0, 0, 100, NA, 1, False, 384.0, 226.8, 0, 0, 100, NA, 1, False, 0.0, 367.2, 0, 0, 100, NA, 1, False, 505.6, 36.0, 0, 0, 100, NA, 1, False, 556.8, 183.6, 0, 0, 100, NA, 1, False, 1209.6, 453.6, 0, 0, 100, NA, 1, False, 601.6, 162.0, 0, 0, 100, NA, 1, False]
[]
[]
[]
[]
[862.0, 441.3, 3.9, -1.4, 5, 3, 11, True, 1689.6, 853.2, 0, 0, 100, NA, 1, False, 19.2, 205.2, 0, 0, 100, NA, 1, False, 748.8, 928.8, 0, 0, 100, NA, 1, False, 1747.2, 626.4, 0, 0, 100, NA, 1, False, 230.4, 572.4, 0, 0, 100, NA, 1, False, 1862.4, 151.2, 0, 0, 100, NA, 1, False, 1132.8, 486.0, 0, 0, 100, NA, 1, False, 998.4, 972.0, 0, 0, 100, NA, 1, False, 192.0, 302.4, 0, 0, 100, NA, 1, False, 1728.0, 410.4, 0, 0, 100, NA, 1, False, 57.6, 907.2, 0, 0, 100, NA, 1, False, 57.6, 1080.0, 0, 0, 100, NA, 1, False, 844.8, 97.2, 0, 0, 100, NA, 1, False, 1459.2, 21.6, 0, 0, 100, NA, 1, False, 1497.6, 183.6, 0, 0, 100, NA, 1, False, 1324.8, 64.8, 0, 0, 100, NA, 1, False, 326.4, 410.4, 0, 0, 100, NA, 1, False, 768.0, 1004.4, 0, 0, 100, NA, 1, False, 1478.4, 475.2, 0, 0, 100, NA, 1, False, 556.8, 237.6, 0, 0, 100, NA, 1, False, 298.7, 1040.3, -1.5, -2.1, 72, 3, 1, False, 333.4, 710.1, -2.7, -2.2, 12, 3, 1, False, 1341.7, 968.6, -1.9, 2.6, 10, 3, 1, False, 1500.2, 246.2, -1.8, 1.8, 13, 3, 1, False]
[1669.7, 425.8, -2.1, 2.2, 73, 3, 1, False, 1810.0, 1065.0, -2.0, 1.7, 71, 3, 1, False, 947.7, 222.1, -1.4, -2.0, 71, 3, 1, False, 1525.8, 28.2, 7.0, 3.6, 2, 3, 0.0, True]
[]
[]
[]
[1014.8, 1056.3, -1.1, -3.6, 1, 3, 1, False, 44.8, 79.2, 0, 0, 100, NA, 1, False, 192.0, 133.2, 0, 0, 100, NA, 1, False, 1017.6, 21.6, 0, 0, 100, NA, 1, False, 236.8, 97.2, 0, 0, 100, NA, 1, False, 364.8, 378.0, 0, 0, 100, NA, 1, False, 460.8, 529.2, 0, 0, 100, NA, 1, False, 864.0, 165.6, 0, 0, 100, NA, 1, False, 390.4, 604.8, 0, 0, 100, NA, 1, False, 729.6, 162.0, 0, 0, 100, NA, 1, False, 403.2, 97.2, 0, 0, 100, NA, 1, False, 211.2, 280.8, 0, 0, 100, NA, 1, False, 76.8, 144.0, 0, 0, 100, NA, 1, False, 576.0, 10.8, 0, 0, 100, NA, 1, False, 1113.6, 334.8, 0, 0, 100, NA, 1, False, 160.0, 399.6, 0, 0, 100, NA, 1, False, 748.8, 284.4, 0, 0, 100, NA, 1, False, 1190.4, 90.0, 0, 0, 100, NA, 1, False, 825.6, 100.8, 0, 0, 100, NA, 1, False, 729.6, 360.0, 0, 0, 100, NA, 1, False, 192.0, 100.8, 0, 0, 100, NA, 1, False]
[]
[]
[]
[]
[24.6, 365.8, -2.6, -0.3, 1, 3, 1, False, 864.0, 367.2, 0, 0, 100, NA, 1, False, 768.0, 702.0, 0, 0, 100, NA, 1, False, 1152.0, 572.4, 0, 0, 100, NA, 1, False, 505.6, 165.6, 0, 0, 100, NA, 1, False, 332.8, 205.2, 0, 0, 100, NA, 1, False, 38.4, 46.8, 0, 0, 100, NA, 1, False, 787.2, 507.6, 0, 0, 100, NA, 1, False, 448.0, 54.0, 0, 0, 100, NA, 1, False, 614.4, 486.0, 0, 0, 100, NA, 1, False, 787.2, 702.0, 0, 0, 100, NA, 1, False, 1056.0, 219.6, 0, 0, 100, NA, 1, False, 307.2, 540.0, 0, 0, 100, NA, 1, False, 448.0, 100.8, 0, 0, 100, NA, 1, False, 960.0, 205.2, 0, 0, 100, NA, 1, False, 345.6, 529.2, 0, 0, 100, NA, 1, False, 467.2, 237.6, 0, 0, 100, NA, 1, False, 249.6, 691.2, 0, 0, 100, NA, 1, False, 192.0, 464.4, 0, 0, 100, NA, 1, False, 192.0, 165.6, 0, 0, 100, NA, 1, False, 422.4, 43.2, 0, 0, 100, NA, 1, False]
[]
[]
[]
[]
[238.5, 286.6, 2.4, 0.7, 1, 3, 1, False, 844.8, 151.2, 0, 0, 100, NA, 1, False, 556.8, 349.2, 0, 0, 100, NA, 1, False, 64.0, 43.2, 0, 0, 100, NA, 1, False, 332.8, 3.6, 0, 0, 100, NA, 1, False, 998.4, 302.4, 0, 0, 100, NA, 1, False, 979.2, 464.4, 0, 0, 100, NA, 1, False, 332.8, 129.6, 0, 0, 100, NA, 1, False, 921.6, 270.0, 0, 0, 100, NA, 1, False, 864.0, 144.0, 0, 0, 100, NA, 1, False, 134.4, 421.2, 0, 0, 100, NA, 1, False, 710.4, 284.4, 0, 0, 100, NA, 1, False, 1132.8, 327.6, 0, 0, 100, NA, 1, False, 979.2, 100.8, 0, 0, 100, NA, 1, False, 1228.8, 604.8, 0, 0, 100, NA, 1, False, 576.0, 64.8, 0, 0, 100, NA, 1, False, 902.4, 57.6, 0, 0, 100, NA, 1, False, 486.4, 410.4, 0, 0, 100, NA, 1, False, 844.8, 230.4, 0, 0, 100, NA, 1, False, 768.0, 507.6, 0, 0, 100, NA, 1, False, 537.6, 284.4, 0, 0, 100, NA, 1, False, 1107.0, 565.4, -2.6, 1.7, 10, 3, 1, False, 590.8, 609.3, 1.7, 1.9, 10, 3, 1, False, 909.8, 463.8, -2.0, 1.6, 13, 3, 1, False]
[]
[]
[]
[]
[688.9, 24.2, -2.7, 2.7, 1, 3, 1, False, 313.6, 3.6, 0, 0, 100, NA, 1, False, 486.4, 306.0, 0, 0, 100, NA, 1, False, 524.8, 21.6, 0, 0, 100, NA, 1, False, 1094.4, 702.0, 0, 0, 100, NA, 1, False, 1075.2, 230.4, 0, 0, 100, NA, 1, False, 563.2, 86.4, 0, 0, 100, NA, 1, False, 448.0, 183.6, 0, 0, 100, NA, 1, False, 1113.6, 345.6, 0, 0, 100, NA, 1, False, 902.4, 442.8, 0, 0, 100, NA, 1, False, 409.6, 208.8, 0, 0, 100, NA, 1, False, 844.8, 453.6, 0, 0, 100, NA, 1, False, 1152.0, 194.4, 0, 0, 100, NA, 1, False, 563.2, 21.6, 0, 0, 100, NA, 1, False, 499.2, 64.8, 0, 0, 100, NA, 1, False, 652.8, 90.0, 0, 0, 100, NA, 1, False, 524.8, 154.8, 0, 0, 100, NA, 1, False, 1171.2, 46.8, 0, 0, 100, NA, 1, False, 518.4, 486.0, 0, 0, 100, NA, 1, False, 787.2, 10.8, 0, 0, 100, NA, 1, False, 620.8, 345.6, 0, 0, 100, NA, 1, False]
[]
[]
[]
[]
[23.2, 523.7, -3.1, 1.4, 1, 3, 1, False, 345.6, 151.2, 0, 0, 100, NA, 1, False, 787.2, 64.8, 0, 0, 100, NA, 1, False, 57.6, 464.4, 0, 0, 100, NA, 1, False, 1516.8, 226.8, 0, 0, 100, NA, 1, False, 115.2, 669.6, 0, 0, 100, NA, 1, False, 115.2, 43.2, 0, 0, 100, NA, 1, False, 1036.8, 1080.0, 0, 0, 100, NA, 1, False, 1382.4, 118.8, 0, 0, 100, NA, 1, False, 614.4, 561.6, 0, 0, 100, NA, 1, False, 1036.8, 637.2, 0, 0, 100, NA, 1, False, 691.2, 799.2, 0, 0, 100, NA, 1, False, 1152.0, 961.2, 0, 0, 100, NA, 1, False, 1075.2, 0.0, 0, 0, 100, NA, 1, False, 806.4, 97.2, 0, 0, 100, NA, 1, False, 518.4, 421.2, 0, 0, 100, NA, 1, False, 1824.0, 540.0, 0, 0, 100, NA, 1, False, 460.8, 777.6, 0, 0, 100, NA, 1, False, 1324.8, 756.0, 0, 0, 100, NA, 1, False, 422.4, 410.4, 0, 0, 100, NA, 1, False, 211.2, 810.0, 0, 0, 100, NA, 1, False, 1512.9, 993.8, -2.0, -2.6, 10, 3, 1, False, 236.1, 727.9, 2.3, 1.5, 13, 3, 1, False, 1520.9, 646.7, -1.9, 2.0, 11, 3, 1, False]
[]
[]
[]
[]
[635.1, 23.0, 1.6, 2.7, 1, 3, 1, False, 486.4, 151.2, 0, 0, 100, NA, 1, False, 787.2, 442.8, 0, 0, 100, NA, 1, False, 524.8, 691.2, 0, 0, 100, NA, 1, False, 633.6, 32.4, 0, 0, 100, NA, 1, False, 313.6, 129.6, 0, 0, 100, NA, 1, False, 1132.8, 349.2, 0, 0, 100, NA, 1, False, 1132.8, 14.4, 0, 0, 100, NA, 1, False, 998.4, 583.2, 0, 0, 100, NA, 1, False, 902.4, 475.2, 0, 0, 100, NA, 1, False, 25.6, 90.0, 0, 0, 100, NA, 1, False, 371.2, 248.4, 0, 0, 100, NA, 1, False, 729.6, 64.8, 0, 0, 100, NA, 1, False, 486.4, 68.4, 0, 0, 100, NA, 1, False, 230.4, 144.0, 0, 0, 100, NA, 1, False, 480.0, 273.6, 0, 0, 100, NA, 1, False, 25.6, 280.8, 0, 0, 100, NA, 1, False, 556.8, 316.8, 0, 0, 100, NA, 1, False, 83.2, 572.4, 0, 0, 100, NA, 1, False, 768.0, 295.2, 0, 0, 100, NA, 1, False, 864.0, 367.2, 0, 0, 100, NA, 1, False]
[]
[]
[]
[]
[608.1, 24.3, -0.4, 2.6, 1, 3, 1, False, 640.0, 230.4, 0, 0, 100, NA, 1, False, 729.6, 356.4, 0, 0, 100, NA, 1, False, 384.0, 399.6, 0, 0, 100, NA, 1, False, 172.8, 129.6, 0, 0, 100, NA, 1, False, 294.4, 57.6, 0, 0, 100, NA, 1, False, 902.4, 442.8, 0, 0, 100, NA, 1, False, 1075.2, 324.0, 0, 0, 100, NA, 1, False, 960.0, 421.2, 0, 0, 100, NA, 1, False, 64.0, 399.6, 0, 0, 100, NA, 1, False, 249.6, 421.2, 0, 0, 100, NA, 1, False, 384.0, 25.2, 0, 0, 100, NA, 1, False, 672.0, 97.2, 0, 0, 100, NA, 1, False, 729.6, 680.4, 0, 0, 100, NA, 1, False, 486.4, 144.0, 0, 0, 100, NA, 1, False, 428.8, 637.2, 0, 0, 100, NA, 1, False, 499.2, 230.4, 0, 0, 100, NA, 1, False, 332.8, 464.4, 0, 0, 100, NA, 1, False, 403.2, 583.2, 0, 0, 100, NA, 1, False, 537.6, 32.4, 0, 0, 100, NA, 1, False, 595.2, 334.8, 0, 0, 100, NA, 1, False]
[]
[]
[]
[]
[-1]
[]
[]
[]
[]
[1257.1, 361.6, 2.5, -1.2, 1, 3, 1, False, 211.2, 316.8, 0, 0, 100, NA, 1, False, 505.6, 118.8, 0, 0, 100, NA, 1, False, 1113.6, 187.2, 0, 0, 100, NA, 1, False, 371.2, 230.4, 0, 0, 100, NA, 1, False, 211.2, 75.6, 0, 0, 100, NA, 1, False, 364.8, 97.2, 0, 0, 100, NA, 1, False, 620.8, 111.6, 0, 0, 100, NA, 1, False, 710.4, 453.6, 0, 0, 100, NA, 1, False, 1267.2, 194.4, 0, 0, 100, NA, 1, False, 480.0, 712.8, 0, 0, 100, NA, 1, False, 787.2, 151.2, 0, 0, 100, NA, 1, False, 371.2, 140.4, 0, 0, 100, NA, 1, False, 998.4, 507.6, 0, 0, 100, NA, 1, False, 672.0, 410.4, 0, 0, 100, NA, 1, False, 76.8, 316.8, 0, 0, 100, NA, 1, False, 1132.8, 399.6, 0, 0, 100, NA, 1, False, 198.4, 637.2, 0, 0, 100, NA, 1, False, 480.0, 324.0, 0, 0, 100, NA, 1, False, 172.8, 64.8, 0, 0, 100, NA, 1, False, 480.0, 122.4, 0, 0, 100, NA, 1, False, 418.5, 324.3, -2.6, 1.6, 13, 3, 1, False, 695.1, 41.1, -2.1, 2.0, 11, 3, 1, False, 543.0, 15.9, -2.1, -2.3, 13, 3, 1, False]
[]
[]
[]
[]
[-1]
[]
[]
[]
[]
[943.3, 1057.4, 2.1, -3.5, 1, 3, 1, False, 1248.0, 118.8, 0, 0, 100, NA, 1, False, 19.2, 626.4, 0, 0, 100, NA, 1, False, 1555.2, 842.4, 0, 0, 100, NA, 1, False, 518.4, 1080.0, 0, 0, 100, NA, 1, False, 921.6, 388.8, 0, 0, 100, NA, 1, False, 422.4, 64.8, 0, 0, 100, NA, 1, False, 864.0, 1058.4, 0, 0, 100, NA, 1, False, 1632.0, 367.2, 0, 0, 100, NA, 1, False, 1651.2, 1080.0, 0, 0, 100, NA, 1, False, 1036.8, 86.4, 0, 0, 100, NA, 1, False, 1881.6, 982.8, 0, 0, 100, NA, 1, False, 979.2, 831.6, 0, 0, 100, NA, 1, False, 1555.2, 140.4, 0, 0, 100, NA, 1, False, 1056.0, 432.0, 0, 0, 100, NA, 1, False, 1593.6, 302.4, 0, 0, 100, NA, 1, False, 1708.8, 550.8, 0, 0, 100, NA, 1, False, 1324.8, 270.0, 0, 0, 100, NA, 1, False, 0.0, 885.6, 0, 0, 100, NA, 1, False, 1708.8, 961.2, 0, 0, 100, NA, 1, False, 403.2, 702.0, 0, 0, 100, NA, 1, False, 623.7, 512.0, -1.4, -2.0, 12, 3, 1, False, 296.5, 958.3, -1.5, 2.6, 10, 3, 1, False, 218.5, 19.8, 1.5, -2.4, 12, 3, 1, False, 541.1, 107.7, 2.3, 2.4, 11, 3, 1, False]
[1411.8, 977.5, -1.6, 2.5, 11, 3, 1, False, 501.1, 179.9, 1.8, -2.2, 11, 3, 1, False, 999.0, 626.0, 2.5, -2.5, 11, 3, 1, False]
[]
[]
[]
[691.2, 24.8, 1.8, 2.6, 1, 3, 1, False, 345.6, 57.6, 0, 0, 100, NA, 1, False, 236.8, 64.8, 0, 0, 100, NA, 1, False, 1190.4, 284.4, 0, 0, 100, NA, 1, False, 1248.0, 273.6, 0, 0, 100, NA, 1, False, 1132.8, 338.4, 0, 0, 100, NA, 1, False, 134.4, 453.6, 0, 0, 100, NA, 1, False, 364.8, 669.6, 0, 0, 100, NA, 1, False, 25.6, 486.0, 0, 0, 100, NA, 1, False, 806.4, 475.2, 0, 0, 100, NA, 1, False, 390.4, 162.0, 0, 0, 100, NA, 1, False, 595.2, 140.4, 0, 0, 100, NA, 1, False, 422.4, 334.8, 0, 0, 100, NA, 1, False, 518.4, 10.8, 0, 0, 100, NA, 1, False, 729.6, 313.2, 0, 0, 100, NA, 1, False, 1228.8, 421.2, 0, 0, 100, NA, 1, False, 480.0, 32.4, 0, 0, 100, NA, 1, False, 115.2, 291.6, 0, 0, 100, NA, 1, False, 921.6, 208.8, 0, 0, 100, NA, 1, False, 192.0, 658.8, 0, 0, 100, NA, 1, False, 614.4, 572.4, 0, 0, 100, NA, 1, False, 1208.0, 394.0, 1.8, -2.4, 11, 3, 1, False, 44.1, 591.8, 1.5, -2.6, 12, 3, 1, False]
[]
[]
[]
[]
[23.4, 352.6, -2.6, 0.6, 1, 3, 1, False, 153.6, 658.8, 0, 0, 100, NA, 1, False, 275.2, 216.0, 0, 0, 100, NA, 1, False, 192.0, 421.2, 0, 0, 100, NA, 1, False, 38.4, 273.6, 0, 0, 100, NA, 1, False, 979.2, 360.0, 0, 0, 100, NA, 1, False, 198.4, 540.0, 0, 0, 100, NA, 1, False, 134.4, 306.0, 0, 0, 100, NA, 1, False, 313.6, 144.0, 0, 0, 100, NA, 1, False, 480.0, 252.0, 0, 0, 100, NA, 1, False, 422.4, 68.4, 0, 0, 100, NA, 1, False, 864.0, 3.6, 0, 0, 100, NA, 1, False, 332.8, 561.6, 0, 0, 100, NA, 1, False, 179.2, 594.0, 0, 0, 100, NA, 1, False, 1152.0, 0.0, 0, 0, 100, NA, 1, False, 1113.6, 378.0, 0, 0, 100, NA, 1, False, 83.2, 349.2, 0, 0, 100, NA, 1, False, 467.2, 97.2, 0, 0, 100, NA, 1, False, 371.2, 691.2, 0, 0, 100, NA, 1, False, 192.0, 36.0, 0, 0, 100, NA, 1, False, 134.4, 64.8, 0, 0, 100, NA, 1, False, 180.5, 512.7, -1.4, -2.6, 10, 3, 1, False, 132.2, 515.1, 2.3, 2.4, 12, 3, 1, False, 162.7, 310.2, -2.5, -2.4, 13, 3, 1, False, 167.3, 312.4, 1.8, -2.7, 13, 3, 1, False]
[447.0, 607.1, -2.6, -1.6, 13, 3, 1, False]
[]
[]
[]
[1256.6, 357.7, 2.6, 1.0, 1, 3, 1, False, 102.4, 248.4, 0, 0, 100, NA, 1, False, 979.2, 183.6, 0, 0, 100, NA, 1, False, 371.2, 241.2, 0, 0, 100, NA, 1, False, 556.8, 561.6, 0, 0, 100, NA, 1, False, 595.2, 122.4, 0, 0, 100, NA, 1, False, 409.6, 194.4, 0, 0, 100, NA, 1, False, 1152.0, 165.6, 0, 0, 100, NA, 1, False, 768.0, 540.0, 0, 0, 100, NA, 1, False, 140.8, 154.8, 0, 0, 100, NA, 1, False, 518.4, 90.0, 0, 0, 100, NA, 1, False, 364.8, 496.8, 0, 0, 100, NA, 1, False, 633.6, 345.6, 0, 0, 100, NA, 1, False, 902.4, 100.8, 0, 0, 100, NA, 1, False, 409.6, 626.4, 0, 0, 100, NA, 1, False, 172.8, 108.0, 0, 0, 100, NA, 1, False, 480.0, 295.2, 0, 0, 100, NA, 1, False, 160.0, 507.6, 0, 0, 100, NA, 1, False, 691.2, 111.6, 0, 0, 100, NA, 1, False, 38.4, 0.0, 0, 0, 100, NA, 1, False, 102.4, 637.2, 0, 0, 100, NA, 1, False, 108.7, 676.7, -1.5, -2.0, 12, 3, 1, False, 198.9, 501.1, 2.2, 1.6, 13, 3, 1, False, 789.3, 293.8, 1.8, -1.8, 11, 3, 1, False]
[]
[]
[]
[]
[146.5, 292.3, 2.5, 1.0, 1, 3, 1, False, 505.6, 507.6, 0, 0, 100, NA, 1, False, 217.6, 691.2, 0, 0, 100, NA, 1, False, 537.6, 194.4, 0, 0, 100, NA, 1, False, 441.6, 327.6, 0, 0, 100, NA, 1, False, 1209.6, 615.6, 0, 0, 100, NA, 1, False, 441.6, 486.0, 0, 0, 100, NA, 1, False, 6.4, 324.0, 0, 0, 100, NA, 1, False, 595.2, 21.6, 0, 0, 100, NA, 1, False, 787.2, 669.6, 0, 0, 100, NA, 1, False, 902.4, 208.8, 0, 0, 100, NA, 1, False, 595.2, 122.4, 0, 0, 100, NA, 1, False, 576.0, 216.0, 0, 0, 100, NA, 1, False, 601.6, 219.6, 0, 0, 100, NA, 1, False, 192.0, 108.0, 0, 0, 100, NA, 1, False, 460.8, 496.8, 0, 0, 100, NA, 1, False, 652.8, 154.8, 0, 0, 100, NA, 1, False, 275.2, 46.8, 0, 0, 100, NA, 1, False, 102.4, 252.0, 0, 0, 100, NA, 1, False, 38.4, 648.0, 0, 0, 100, NA, 1, False, 345.6, 273.6, 0, 0, 100, NA, 1, False, 708.9, 367.2, 2.3, 2.2, 10, 3, 1, False, 576.8, 179.3, -1.8, 1.6, 12, 3, 1, False, 437.9, 525.0, 2.4, 2.2, 11, 3, 1, False, 360.1, 38.7, -1.4, 1.4, 12, 3, 1, False]
[183.9, 454.2, -1.7, -2.2, 10, 3, 1, False]
[]
[]
[]

